                           Logit Regression Results                           
==============================================================================
Dep. Variable:                      y   No. Observations:                71886
Model:                          Logit   Df Residuals:                    71816
Method:                           MLE   Df Model:                           69
Date:                Wed, 24 Jun 2020   Pseudo R-squ.:                0.007740
Time:                        08:39:39   Log-Likelihood:                -48953.
converged:                       True   LL-Null:                       -49335.
Covariance Type:            nonrobust   LLR p-value:                9.979e-118
=====================================================================================
                        coef    std err          z      P>|z|      [0.025      0.975]
-------------------------------------------------------------------------------------
amazon                0.8422      0.141      5.965      0.000       0.565       1.119
app                   0.8612      0.260      3.311      0.001       0.351       1.371
apple                 0.5754      0.219      2.627      0.009       0.146       1.005
association           0.6229      0.259      2.409      0.016       0.116       1.130
bme                  -0.4492      0.230     -1.956      0.050      -0.899       0.001
borisjohnson         -0.0507      0.137     -0.371      0.711      -0.319       0.217
brexit               -0.7574      0.130     -5.844      0.000      -1.011      -0.503
care                  1.7625      0.244      7.216      0.000       1.284       2.241
cdc                  -0.6610      0.254     -2.599      0.009      -1.159      -0.163
channel               0.7923      0.230      3.450      0.001       0.342       1.242
church                1.0292      0.270      3.810      0.000       0.500       1.559
committee            -0.0412      0.245     -0.168      0.866      -0.522       0.439
community             1.0906      0.250      4.356      0.000       0.600       1.581
court                 0.3089      0.218      1.420      0.156      -0.118       0.735
covid                 0.1509      0.022      6.889      0.000       0.108       0.194
credit                1.3646      0.512      2.666      0.008       0.361       2.368
crisis               -0.8753      0.280     -3.125      0.002      -1.424      -0.326
cummings             -0.6292      0.063     -9.953      0.000      -0.753      -0.505
daily                 0.8315      0.218      3.820      0.000       0.405       1.258
digital               0.9205      0.214      4.292      0.000       0.500       1.341
eu                   -0.2944      0.070     -4.221      0.000      -0.431      -0.158
facebook              0.7204      0.208      3.459      0.001       0.312       1.129
fda                   0.4918      0.215      2.292      0.022       0.071       0.912
foundation            0.7521      0.272      2.768      0.006       0.220       1.285
fund                  1.5596      0.217      7.174      0.000       1.133       1.986
global                0.9468      0.214      4.427      0.000       0.528       1.366
google                0.6036      0.183      3.297      0.001       0.245       0.962
gov                   0.3974      0.213      1.867      0.062      -0.020       0.815
government            0.1700      0.110      1.539      0.124      -0.046       0.387
group                 0.7509      0.197      3.814      0.000       0.365       1.137
guardian             -0.4677      0.155     -3.015      0.003      -0.772      -0.164
health                0.3169      0.098      3.236      0.001       0.125       0.509
hospital              1.0365      0.138      7.501      0.000       0.766       1.307
instagram             1.3058      0.198      6.592      0.000       0.918       1.694
league                0.4977      0.144      3.456      0.001       0.215       0.780
london                0.6114      0.141      4.338      0.000       0.335       0.888
msm                  -0.5723      0.189     -3.034      0.002      -0.942      -0.203
nhs                   0.4658      0.042     11.145      0.000       0.384       0.548
office               -0.3004      0.163     -1.845      0.065      -0.620       0.019
ons                  -0.8279      0.138     -5.999      0.000      -1.098      -0.557
pandemic              0.3978      0.163      2.448      0.014       0.079       0.716
party                 0.6933      0.163      4.265      0.000       0.375       1.012
post                  0.5430      0.160      3.393      0.001       0.229       0.857
ppe                  -0.2224      0.061     -3.675      0.000      -0.341      -0.104
public                0.2777      0.222      1.249      0.212      -0.158       0.713
research              0.6718      0.230      2.918      0.004       0.221       1.123
response              1.3368      0.401      3.331      0.001       0.550       2.123
rising               -4.7449      1.004     -4.724      0.000      -6.713      -2.776
scheme                0.8667      0.263      3.297      0.001       0.351       1.382
selfisolation         0.7027      0.170      4.144      0.000       0.370       1.035
service               0.6143      0.194      3.174      0.002       0.235       0.994
social                0.5897      0.181      3.259      0.001       0.235       0.944
socialdistancing      0.5680      0.124      4.583      0.000       0.325       0.811
solidarity            1.6546      0.325      5.084      0.000       1.017       2.292
starmer              -0.7284      0.254     -2.872      0.004      -1.226      -0.231
stay                  1.2761      0.248      5.143      0.000       0.790       1.762
stayhomesavelives     1.0252      0.187      5.472      0.000       0.658       1.392
support               2.4051      0.327      7.357      0.000       1.764       3.046
tfl                  -0.6285      0.246     -2.558      0.011      -1.110      -0.147
time                  0.5150      0.235      2.189      0.029       0.054       0.976
treasury              0.3228      0.231      1.395      0.163      -0.131       0.776
trust                 1.8802      0.302      6.220      0.000       1.288       2.473
ucl                   0.5452      0.198      2.753      0.006       0.157       0.933
un                   -0.4710      0.133     -3.553      0.000      -0.731      -0.211
united                0.5488      0.238      2.305      0.021       0.082       1.015
universal             1.1660      0.517      2.256      0.024       0.153       2.179
university            0.3638      0.152      2.400      0.016       0.067       0.661
watch                 0.7077      0.294      2.405      0.016       0.131       1.284
whatsapp              0.5631      0.191      2.946      0.003       0.188       0.938
world                -0.3876      0.112     -3.450      0.001      -0.608      -0.167
=====================================================================================
